0.001512436 0.0008492235 0.0006087524 0.0004898673 0.0004235233
0.0003916184 0.0003627388 0.0003405692 0.0003431604 0.0003972602
0.0004257465 0.0003469311 0.0002942894 0.0002556115 0.0002355836
0.0002227425 0.0002139522 0.0002077288 0.0002048202 0.0002017179
0.0002007883 0.0001979438 0.0001955506 0.0001913121 0.0001866472
0.0001830944 0.0001782477 0.0001759883 0.0001716569 0.0001692953
0.0001641865 0.0001611862 0.0001595688 0.0001574246 0.0001553133
0.0001546942 0.0001521656 0.0001495667 0.0001471883 0.0001465332
0.0001451215 0.0001449061 0.0001434163 0.0001444918 0.0001419088
0.0001434826 0.0001430495 0.0001411656 0.0001425278 0.0001405317
0.0001406423 0.0001381596 0.0001383266 0.00013682 0.0001370514
0.0001373267 0.0001371059 0.000135919 0.0001367891 0.0001448403
0.0001355708 0.0001367028 0.0001360831 0.0001333923 0.0001329323
0.0001326268 0.0001309518 0.0001319445 0.0001302691 0.0001297129
0.0001288177 0.0001280689 0.000129027 0.0001311451 0.0001288131
0.0001293273 0.0001274819 0.000126366 0.0001278305 0.0001259032
0.0001262501 0.0001252715 0.0001256308 0.0001269599 0.0001253855
0.0001258603 0.0001232594 0.0001247888 0.0001235551 0.0001233012
0.0001229693 0.0001232385 0.0001215312 0.0001221649 0.0001226418
0.000121279 0.0001224354 0.0001222475 0.0001204993 0.0001210175
0.0001219137 0.0001208042 0.0001191548 0.0001192165 0.0001196114
0.0001190726 0.0001185056 0.0001184628 0.0001203116 0.0001189227
0.0001179185 0.0001202338 0.0001197265 0.0001200837 0.0001174336
0.0001177806 0.0001195453 0.0001210516 0.0001182723 0.0001175911
0.0001172347 0.0001172174 0.0001188854 0.0001175014 0.0001183316
